              precision    recall  f1-score   support

           0       0.00      0.00      0.00         2
           1       0.00      0.00      0.00        11
           2       0.72      0.73      0.72       168
           3       0.53      0.67      0.59       156
           4       0.50      0.36      0.42        67
           5       0.00      0.00      0.00         8

    accuracy                           0.61       412
   macro avg       0.29      0.29      0.29       412
weighted avg       0.58      0.61      0.59       412
